0 0.61083984375 0.52978515625 0.1357421875 0.0908203125
0 0.9365234375 0.5166015625 0.123046875 0.033203125
0 0.83935546875 0.49853515625 0.1064453125 0.0361328125
0 0.71240234375 0.41162109375 0.1162109375 0.0595703125
0 0.69287109375 0.39013671875 0.0693359375 0.0302734375
0 0.8779296875 0.3466796875 0.177734375 0.076171875
0 0.3662109375 0.33984375 0.0390625 0.041015625
0 0.71337890625 0.333984375 0.0966796875 0.0703125
0 0.4267578125 0.33056640625 0.046875 0.0634765625
0 0.79931640625 0.3247070291212627 0.1005859375 0.06933594175747462
0 0.4736328125 0.294921875 0.044921875 0.06640625
0 0.3955078125 0.28662109375 0.044921875 0.0498046875
0 0.43701171875 0.25927734375 0.0498046875 0.0419921875
0 0.38427734375 0.2568359375 0.0517578125 0.0390625