0 0.26708984375 0.32470703125 0.0947265625 0.0654296875
0 0.337890625 0.35986328125 0.056640625 0.0556640625
0 0.6240234375 0.36865234375 0.080078125 0.0537109375
0 0.6826171875 0.39208984375 0.0625 0.0498046875
0 0.7373046875 0.431640625 0.0703125 0.041015625
0 0.80517578125 0.505859375 0.0888671875 0.044921875
0 0.8681640625 0.513671875 0.072265625 0.103515625
0 0.93115234375 0.5615234375 0.1005859375 0.05859375
0 0.56591796875 0.67822265625 0.0498046875 0.0732421875
0 0.6796875 0.70654296875 0.0703125 0.0791015625
0 0.08203125 0.267578125 0.15625 0.056640625
0 0.76220703125 0.7177734375 0.0712890625 0.078125
0 0.85693359375 0.732421875 0.1064453125 0.060546875
0 0.396484375 0.3095703125 0.068359375 0.064453125