0 0.77685546875 0.3837890625 0.1044921875 0.048828125
0 0.734375 0.38671875 0.072265625 0.044921875
0 0.8486328125 0.40087890625 0.11328125 0.0361328125
0 0.70703125 0.4267578125 0.10546875 0.01953125
0 0.76318359375 0.45166015625 0.1279296875 0.0322265625
0 0.78076171875 0.51611328125 0.1396484375 0.0146484375
0 0.86083984375 0.62548828125 0.0966796875 0.0400390625
0 0.81982421875 0.64599609375 0.0791015625 0.0498046875
0 0.66455078125 0.2880859375 0.0693359375 0.078125
0 0.7880859375 0.294921875 0.140625 0.078125
0 0.7001953125 0.2958984375 0.09375 0.0859375
0 0.7138671875 0.31103515625 0.08984375 0.0654296875