1 0.681640625 0.67626953125 0.02734375 0.0244140625
1 0.71044921875 0.65185546875 0.0341796875 0.0361328125
1 0.39697265625 0.6328125 0.0380859375 0.03515625
1 0.32958984375 0.4765625 0.0439453125 0.06640625
1 0.72216796875 0.47509765625 0.0419921875 0.0419921875
1 0.85693359375 0.75 0.0537109375 0.048828125
1 0.74755859375 0.43115234375 0.0302734375 0.0302734375
1 0.39501953125 0.41748046875 0.0400390625 0.0400390625
1 0.11865234375 0.396484375 0.0458984375 0.04296875
1 0.82373046875 0.3828125 0.0380859375 0.037109375
1 0.3095703125 0.34130859375 0.046875 0.0458984375
1 0.857421875 0.33642578125 0.03515625 0.0302734375