0 0.64501953125 0.3203125 0.0478515625 0.056640625
0 0.60595703125 0.37158203125 0.0478515625 0.0400390625
0 0.384765625 0.376953125 0.099609375 0.0625
0 0.86328125 0.3916015625 0.056640625 0.052734375
0 0.677734375 0.4140625 0.0625 0.0703125
0 0.6142578125 0.42431640625 0.056640625 0.0634765625
0 0.4326171875 0.42626953125 0.0546875 0.0400390625
0 0.36083984375 0.4345703125 0.0615234375 0.037109375
0 0.91162109375 0.4599609375 0.0419921875 0.033203125
0 0.40673828125 0.47705078125 0.0869140625 0.0458984375
0 0.6962890625 0.47998046875 0.091796875 0.0498046875
0 0.9345703125 0.49169921875 0.037109375 0.0419921875
0 0.66796875 0.5244140625 0.06640625 0.05859375
0 0.73486328125 0.55224609375 0.0615234375 0.0654296875
0 0.91552734375 0.5556640625 0.0927734375 0.07421875
0 0.5654296875 0.603515625 0.06640625 0.09765625
0 0.7431640625 0.64111328125 0.0625 0.1005859375
0 0.66748046875 0.66064453125 0.0810546875 0.0654296875
0 0.96142578125 0.68115234375 0.0732421875 0.0654296875
0 0.71728515625 0.7314453125 0.1103515625 0.05859375
0 0.63525390625 0.27783203125 0.0419921875 0.0380859375
0 0.576171875 0.2900390625 0.060546875 0.08203125
0 0.3779296875 0.30615234375 0.09375 0.0732421875