0 0.42578125 0.35107421875 0.046875 0.0576171875
0 0.62646484375 0.375 0.0751953125 0.087890625
0 0.40380859375 0.40283203125 0.0517578125 0.0439453125
0 0.69775390625 0.60205078125 0.0673828125 0.0751953125
0 0.75634765625 0.62646484375 0.0966796875 0.0537109375
0 0.64208984375 0.66845703125 0.0869140625 0.0634765625
0 0.76708984375 0.7041015625 0.1083984375 0.076171875
0 0.65185546875 0.7353515625 0.0771484375 0.048828125
0 0.6474609375 0.28076171875 0.12109375 0.0869140625
0 0.90625 0.29443359375 0.1015625 0.0634765625
0 0.22119140625 0.30126953125 0.0810546875 0.0869140625