0 0.3623046875 0.6767578125 0.052734375 0.044921875
0 0.1943359375 0.67578125 0.052734375 0.052734375
0 0.64208984375 0.63623046875 0.0595703125 0.0751953125
0 0.30810546875 0.634765625 0.1201171875 0.05859375
0 0.8818359375 0.60986328125 0.103515625 0.0576171875
0 0.515625 0.6015625 0.080078125 0.07421875
0 0.369140625 0.58837890625 0.052734375 0.0302734375
0 0.82763671875 0.57470703125 0.1103515625 0.0400390625
0 0.0859375 0.54296875 0.15234375 0.041015625
0 0.4189453125 0.52392578125 0.078125 0.0478515625
0 0.7587890625 0.50634765625 0.076171875 0.0576171875
0 0.63232421875 0.47607421875 0.0615234375 0.0595703125
0 0.7255859375 0.462890625 0.076171875 0.0546875
0 0.2666015625 0.4423828125 0.0859375 0.05859375
0 0.61962890625 0.40478515625 0.0419921875 0.0634765625
0 0.80419921875 0.37646484375 0.0869140625 0.0693359375
0 0.26318359375 0.35400390625 0.0830078125 0.0439453125
0 0.8115234375 0.3095703125 0.078125 0.078125
0 0.31982421875 0.29833984375 0.0498046875 0.0439453125
0 0.6279296875 0.73193359375 0.06640625 0.0634765625
0 0.6982421875 0.7294921875 0.052734375 0.068359375
0 0.7470703125 0.716796875 0.0703125 0.080078125
0 0.42041015625 0.7109375 0.0693359375 0.060546875
0 0.29736328125 0.7001953125 0.0751953125 0.0859375