1 0.81591796875 0.38427734375 0.0419921875 0.0380859375
1 0.60009765625 0.3994140625 0.0361328125 0.03515625
1 0.6171875 0.44677734375 0.044921875 0.0419921875
1 0.7568359375 0.4736328125 0.03125 0.033203125
1 0.58984375 0.251953125 0.03125 0.033203125
1 0.91796875 0.607421875 0.041015625 0.04296875
1 0.5625 0.26025390625 0.033203125 0.0302734375
1 0.42236328125 0.63427734375 0.0380859375 0.0419921875
1 0.6162109375 0.669921875 0.037109375 0.0390625
1 0.7177734375 0.71240234375 0.041015625 0.0361328125
1 0.95556640625 0.7294921875 0.0419921875 0.037109375