0 0.78759765625 0.67333984375 0.1005859375 0.0595703125
0 0.25927734375 0.658203125 0.1005859375 0.060546875
0 0.9072265625 0.6357421875 0.0390625 0.033203125
0 0.81103515625 0.62158203125 0.0810546875 0.0458984375
0 0.326171875 0.6015625 0.048828125 0.033203125
0 0.28369140625 0.5556640625 0.0556640625 0.044921875
0 0.9658203125 0.517578125 0.064453125 0.052734375
0 0.5751953125 0.49755859375 0.037109375 0.0419921875
0 0.63525390625 0.46874999148505075 0.0517578125 0.0683593579701015
0 0.36962890625 0.4462890625 0.1142578125 0.060546875
0 0.578125 0.4404296875 0.046875 0.068359375
0 0.64599609375 0.41455078125 0.0517578125 0.0341796875
0 0.642578125 0.38232421875 0.04296875 0.0400390625
0 0.60400390625 0.36767578125 0.0517578125 0.0439453125
0 0.36181640625 0.3642578125 0.0751953125 0.0546875
0 0.85302734375 0.357421875 0.0517578125 0.05859375
0 0.673828125 0.3251953125 0.05078125 0.076171875
0 0.38037109375 0.32177734375 0.0595703125 0.1044921875
0 0.6162109375 0.3125 0.05859375 0.0625
0 0.43017578125 0.29150390625 0.0634765625 0.1005859375
0 0.2724609375 0.72998046875 0.091796875 0.0673828125
0 0.91455078125 0.27001953125 0.0712890625 0.0654296875
0 0.6904296875 0.26708984375 0.056640625 0.0498046875
0 0.61181640625 0.72265625 0.0478515625 0.078125