0 0.78759765625 0.32666015625 0.1005859375 0.0595703125
0 0.25927734375 0.341796875 0.1005859375 0.060546875
0 0.9072265625 0.3642578125 0.0390625 0.033203125
0 0.81103515625 0.37841796875 0.0810546875 0.0458984375
0 0.326171875 0.3984375 0.048828125 0.033203125
0 0.28369140625 0.4443359375 0.0556640625 0.044921875
0 0.9658203125 0.482421875 0.064453125 0.052734375
0 0.5751953125 0.50244140625 0.037109375 0.0419921875
0 0.63525390625 0.53125 0.0517578125 0.068359375
0 0.36962890625 0.5537109375 0.1142578125 0.060546875
0 0.578125 0.5595703125 0.046875 0.068359375
0 0.64599609375 0.58544921875 0.0517578125 0.0341796875
0 0.642578125 0.61767578125 0.04296875 0.0400390625
0 0.60400390625 0.63232421875 0.0517578125 0.0439453125
0 0.36181640625 0.6357421875 0.0751953125 0.0546875
0 0.85302734375 0.642578125 0.0517578125 0.05859375
0 0.673828125 0.6748046875 0.05078125 0.076171875
0 0.38037109375 0.67822265625 0.0595703125 0.1044921875
0 0.6162109375 0.6875 0.05859375 0.0625
0 0.43017578125 0.70849609375 0.0634765625 0.1005859375
0 0.2724609375 0.27001953125 0.091796875 0.0673828125
0 0.91455078125 0.72998046875 0.0712890625 0.0654296875
0 0.6904296875 0.73291015625 0.056640625 0.0498046875
0 0.61181640625 0.27734375 0.0478515625 0.078125