0 0.69921875 0.59619140625 0.125 0.0712890625
0 0.42724609375 0.53955078125 0.0576171875 0.0673828125
0 0.765625 0.50830078125 0.173828125 0.0517578125
0 0.46728515625 0.49560546875 0.0771484375 0.0595703125
0 0.38818359375 0.48046875 0.0537109375 0.056640625
0 0.42822265625 0.43896484375 0.0400390625 0.0419921875
0 0.36767578125 0.42529296875 0.0478515625 0.0439453125
0 0.427734375 0.40625 0.041015625 0.041015625
0 0.5517578125 0.38525390625 0.0546875 0.0634765625
0 0.486328125 0.3818359375 0.05078125 0.08203125
0 0.55712890625 0.30810546875 0.0400390625 0.0712890625
0 0.39208984375 0.27880859375 0.0576171875 0.0810546875
0 0.59619140625 0.7158203125 0.0419921875 0.076171875
0 0.61669921875 0.70556640625 0.0498046875 0.0869140625
0 0.892578125 0.69921875 0.2109375 0.115234375