0 0.1083984375 0.3310546875 0.15625 0.078125
0 0.861328125 0.373046875 0.1484375 0.06640625
0 0.72705078125 0.4384765625 0.1142578125 0.064453125
0 0.59814453125 0.50146484375 0.0771484375 0.0732421875
0 0.94921875 0.57373046875 0.1015625 0.0419921875
0 0.80029296875 0.6123046875 0.1455078125 0.068359375
0 0.9384765625 0.62060546875 0.109375 0.0517578125
0 0.423828125 0.65966796875 0.0546875 0.0751953125
0 0.5380859375 0.263671875 0.06640625 0.048828125
0 0.4912109375 0.69140625 0.06640625 0.08203125
0 0.92822265625 0.73681640625 0.0927734375 0.0458984375
0 0.4775390625 0.30322265625 0.05078125 0.0537109375