1 0.681640625 0.32373046875 0.02734375 0.0244140625
1 0.71044921875 0.34814453125 0.0341796875 0.0361328125
1 0.39697265625 0.3671875 0.0380859375 0.03515625
1 0.32958984375 0.5234375 0.0439453125 0.06640625
1 0.72216796875 0.5249023352350507 0.0419921875 0.041992204529898505
1 0.85693359375 0.25 0.0537109375 0.048828125
1 0.74755859375 0.56884765625 0.0302734375 0.0302734375
1 0.39501953125 0.58251953125 0.0400390625 0.0400390625
1 0.11865234375 0.603515625 0.0458984375 0.04296875
1 0.82373046875 0.6171875 0.0380859375 0.037109375
1 0.3095703125 0.65869140625 0.046875 0.0458984375
1 0.857421875 0.66357421875 0.03515625 0.0302734375