0 0.38916015625 0.52978515625 0.1357421875 0.0908203125
0 0.0634765625 0.5166015625 0.123046875 0.033203125
0 0.16064453125 0.49853515625 0.1064453125 0.0361328125
0 0.28759765625 0.41162109375 0.1162109375 0.0595703125
0 0.30712890625 0.39013671875 0.0693359375 0.0302734375
0 0.1220703125 0.3466796875 0.177734375 0.076171875
0 0.6337890625 0.33984375 0.0390625 0.041015625
0 0.28662109375 0.333984375 0.0966796875 0.0703125
0 0.5732421875 0.33056640625 0.046875 0.0634765625
0 0.20068359375 0.3247070291212627 0.1005859375 0.06933594175747462
0 0.5263671875 0.294921875 0.044921875 0.06640625
0 0.6044921875 0.28662109375 0.044921875 0.0498046875
0 0.56298828125 0.25927734375 0.0498046875 0.0419921875
0 0.61572265625 0.2568359375 0.0517578125 0.0390625