0 0.236328125 0.6728515625 0.078125 0.048828125
0 0.1376953125 0.654296875 0.1171875 0.0625
0 0.244140625 0.63916015625 0.0625 0.0419921875
0 0.14208984375 0.5810546875 0.0908203125 0.044921875
0 0.0908203125 0.5166015625 0.10546875 0.033203125
0 0.10595703125 0.47509765625 0.1357421875 0.0439453125
0 0.19189453125 0.474609375 0.0771484375 0.041015625
0 0.259765625 0.46435546875 0.1015625 0.0341796875
0 0.0830078125 0.42041015625 0.158203125 0.0615234375
0 0.2255859375 0.41748046875 0.080078125 0.0341796875
0 0.79150390625 0.40966796875 0.1025390625 0.0634765625
0 0.2646484375 0.38720703125 0.08203125 0.0478515625
0 0.22705078125 0.38427734375 0.0771484375 0.0341796875
0 0.169921875 0.37548828125 0.072265625 0.0361328125
0 0.2958984375 0.35107421875 0.12109375 0.0927734375
0 0.31494140625 0.7314453125 0.0380859375 0.05859375
0 0.23046875 0.27392578125 0.111328125 0.0693359375
0 0.181640625 0.27294921875 0.111328125 0.0693359375
0 0.2958984375 0.69189453125 0.052734375 0.0537109375