0 0.57666015625 0.36083984375 0.0537109375 0.0634765625
0 0.5302734375 0.3798828125 0.044921875 0.044921875
0 0.64111328125 0.423828125 0.0283203125 0.021484375
0 0.6123046875 0.4599609375 0.033203125 0.03125
0 0.60009765625 0.4990234375 0.0283203125 0.03125
0 0.650390625 0.53466796875 0.0625 0.0283203125
0 0.52099609375 0.5537109375 0.0380859375 0.048828125
0 0.6689453125 0.57958984375 0.06640625 0.0361328125
0 0.5146484375 0.60107421875 0.025390625 0.0517578125
0 0.5380859375 0.61865234375 0.03125 0.0615234375
0 0.666015625 0.6240234375 0.0390625 0.044921875
0 0.615234375 0.63525390625 0.041015625 0.0517578125
0 0.65185546875 0.7099609375 0.0361328125 0.05078125
0 0.69775390625 0.7158203125 0.0634765625 0.072265625
0 0.60400390625 0.71826171875 0.0244140625 0.0732421875
0 0.68603515625 0.728515625 0.0361328125 0.048828125
0 0.6435546875 0.7333984375 0.03515625 0.046875
0 0.56591796875 0.74267578125 0.0244140625 0.0341796875