0 0.7529296875 0.32568358736378805 0.095703125 0.07128905824252538
0 0.79150390625 0.33935546875 0.0712890625 0.0634765625
0 0.6767578125 0.369140625 0.0546875 0.041015625
0 0.19384765625 0.37939453125 0.0869140625 0.0888671875
0 0.62744140625 0.42724609375 0.1005859375 0.0751953125
0 0.8408203125 0.4287109375 0.130859375 0.060546875
0 0.69775390625 0.43994140625 0.0498046875 0.0751953125
0 0.42578125 0.4501953125 0.072265625 0.078125
0 0.7490234375 0.451171875 0.0546875 0.07421875
0 0.32763671875 0.45361328125 0.1259765625 0.0869140625
0 0.1962890625 0.482421875 0.052734375 0.060546875
0 0.466796875 0.49755859375 0.0546875 0.0849609375
0 0.28173828125 0.50537109375 0.1064453125 0.0419921875
0 0.64990234375 0.52490234375 0.0673828125 0.0693359375
0 0.34228515625 0.537109375 0.0556640625 0.056640625
0 0.87939453125 0.55810546875 0.1083984375 0.0380859375
0 0.3642578125 0.56884765625 0.07421875 0.0830078125
0 0.515625 0.57177734375 0.095703125 0.0810546875
0 0.81640625 0.5859375 0.095703125 0.0546875
0 0.1005859375 0.61865234375 0.150390625 0.0615234375
0 0.5068359375 0.259765625 0.046875 0.046875
0 0.76025390625 0.64697265625 0.0673828125 0.0732421875
0 0.6328125 0.67919921875 0.06640625 0.0673828125
0 0.36279296875 0.26611328125 0.0830078125 0.0595703125
0 0.7177734375 0.69384765625 0.060546875 0.0751953125
0 0.27001953125 0.71728515625 0.0947265625 0.0927734375
0 0.0390625 0.74072265625 0.076171875 0.0419921875
0 0.85498046875 0.275390625 0.0537109375 0.05859375
0 0.5302734375 0.294921875 0.072265625 0.048828125