0 0.91259765625 0.68017578125 0.1455078125 0.0595703125
0 0.2509765625 0.6708984375 0.044921875 0.03515625
0 0.373046875 0.62744140625 0.046875 0.0673828125
0 0.2978515625 0.62255859375 0.06640625 0.0400390625
0 0.73291015625 0.59375 0.0888671875 0.048828125
0 0.38232421875 0.56201171875 0.0517578125 0.0400390625
0 0.2041015625 0.5278320227350507 0.080078125 0.047851579529898505
0 0.73095703125 0.50341796875 0.1162109375 0.0263671875
0 0.18798828125 0.458984375 0.0712890625 0.05859375
0 0.67919921875 0.443359375 0.0673828125 0.0390625
0 0.7158203125 0.38037109375 0.052734375 0.0615234375
0 0.0322265625 0.3642578125 0.0625 0.05078125
0 0.4169921875 0.32666015625 0.05859375 0.0595703125
0 0.36279296875 0.30810546875 0.0556640625 0.0400390625
0 0.599609375 0.2958984375 0.04296875 0.041015625
0 0.65087890625 0.73193359375 0.1240234375 0.0634765625
0 0.64892578125 0.275390625 0.0458984375 0.068359375
0 0.42041015625 0.2636718728712627 0.0673828125 0.05273437074252537
0 0.3564453125 0.2636718728712627 0.048828125 0.05273437074252537
0 0.611328125 0.26123046875 0.044921875 0.0517578125