0 0.38916015625 0.47021484375 0.1357421875 0.0908203125
0 0.0634765625 0.4833984375 0.123046875 0.033203125
0 0.16064453125 0.50146484375 0.1064453125 0.0361328125
0 0.28759765625 0.58837890625 0.1162109375 0.0595703125
0 0.30712890625 0.60986328125 0.0693359375 0.0302734375
0 0.1220703125 0.6533203125 0.177734375 0.076171875
0 0.6337890625 0.66015625 0.0390625 0.041015625
0 0.28662109375 0.666015625 0.0966796875 0.0703125
0 0.5732421875 0.66943359375 0.046875 0.0634765625
0 0.20068359375 0.67529296875 0.1005859375 0.0693359375
0 0.5263671875 0.705078125 0.044921875 0.06640625
0 0.6044921875 0.71337890625 0.044921875 0.0498046875
0 0.56298828125 0.74072265625 0.0498046875 0.0419921875
0 0.61572265625 0.7431640625 0.0517578125 0.0390625