0 0.6376953125 0.3232421875 0.052734375 0.044921875
0 0.8056640625 0.32421875 0.052734375 0.052734375
0 0.35791015625 0.36376953125 0.0595703125 0.0751953125
0 0.69189453125 0.365234375 0.1201171875 0.05859375
0 0.1181640625 0.39013671449252535 0.103515625 0.05761719601494925
0 0.484375 0.39843749574252535 0.080078125 0.07421875851494926
0 0.630859375 0.41162109375 0.052734375 0.0302734375
0 0.17236328125 0.42529296875 0.1103515625 0.0400390625
0 0.9140625 0.45703125 0.15234375 0.041015625
0 0.5810546875 0.47607421875 0.078125 0.0478515625
0 0.2412109375 0.49365234375 0.076171875 0.0576171875
0 0.36767578125 0.52392578125 0.0615234375 0.0595703125
0 0.2744140625 0.537109375 0.076171875 0.0546875
0 0.7333984375 0.5576171875 0.0859375 0.05859375
0 0.38037109375 0.59521484375 0.0419921875 0.0634765625
0 0.19580078125 0.62353515625 0.0869140625 0.0693359375
0 0.73681640625 0.64599609375 0.0830078125 0.0439453125
0 0.1884765625 0.6904296875 0.078125 0.078125
0 0.68017578125 0.70166015625 0.0498046875 0.0439453125
0 0.3720703125 0.26806640625 0.06640625 0.0634765625
0 0.3017578125 0.2705078125 0.052734375 0.068359375
0 0.2529296875 0.283203125 0.0703125 0.080078125
0 0.57958984375 0.2890625 0.0693359375 0.060546875
0 0.70263671875 0.2998046875 0.0751953125 0.0859375