1 0.18408203125 0.61572265625 0.0419921875 0.0380859375
1 0.39990234375 0.6005859375 0.0361328125 0.03515625
1 0.3828125 0.55322265625 0.044921875 0.0419921875
1 0.2431640625 0.5263671875 0.03125 0.033203125
1 0.41015625 0.748046875 0.03125 0.033203125
1 0.08203125 0.392578125 0.041015625 0.04296875
1 0.4375 0.73974609375 0.033203125 0.0302734375
1 0.57763671875 0.36572265625 0.0380859375 0.0419921875
1 0.3837890625 0.330078125 0.037109375 0.0390625
1 0.2822265625 0.28759765625 0.041015625 0.0361328125
1 0.04443359375 0.2705078125 0.0419921875 0.037109375