0 0.57421875 0.35107421875 0.046875 0.0576171875
0 0.37353515625 0.375 0.0751953125 0.087890625
0 0.59619140625 0.40283203125 0.0517578125 0.0439453125
0 0.30224609375 0.60205078125 0.0673828125 0.0751953125
0 0.24365234375 0.62646484375 0.0966796875 0.0537109375
0 0.35791015625 0.66845703125 0.0869140625 0.0634765625
0 0.23291015625 0.7041015625 0.1083984375 0.076171875
0 0.34814453125 0.7353515625 0.0771484375 0.048828125
0 0.3525390625 0.28076171875 0.12109375 0.0869140625
0 0.09375 0.29443359375 0.1015625 0.0634765625
0 0.77880859375 0.30126953125 0.0810546875 0.0869140625