1 0.18408203125 0.38427734375 0.0419921875 0.0380859375
1 0.39990234375 0.3994140625 0.0361328125 0.03515625
1 0.3828125 0.44677734375 0.044921875 0.0419921875
1 0.2431640625 0.4736328125 0.03125 0.033203125
1 0.41015625 0.251953125 0.03125 0.033203125
1 0.08203125 0.607421875 0.041015625 0.04296875
1 0.4375 0.26025390625 0.033203125 0.0302734375
1 0.57763671875 0.63427734375 0.0380859375 0.0419921875
1 0.3837890625 0.669921875 0.037109375 0.0390625
1 0.2822265625 0.71240234375 0.041015625 0.0361328125
1 0.04443359375 0.7294921875 0.0419921875 0.037109375