0 0.57421875 0.64892578125 0.046875 0.0576171875
0 0.37353515625 0.625 0.0751953125 0.087890625
0 0.59619140625 0.59716796875 0.0517578125 0.0439453125
0 0.30224609375 0.39794921875 0.0673828125 0.0751953125
0 0.24365234375 0.37353515625 0.0966796875 0.0537109375
0 0.35791015625 0.33154296875 0.0869140625 0.0634765625
0 0.23291015625 0.2958984375 0.1083984375 0.076171875
0 0.34814453125 0.2646484375 0.0771484375 0.048828125
0 0.3525390625 0.71923828125 0.12109375 0.0869140625
0 0.09375 0.70556640625 0.1015625 0.0634765625
0 0.77880859375 0.69873046875 0.0810546875 0.0869140625