0 0.57177734375 0.66015625 0.0615234375 0.044921875
0 0.63818359375 0.63330078125 0.0615234375 0.0537109375
0 0.57470703125 0.62744140625 0.0498046875 0.0361328125
0 0.5068359375 0.59375 0.0546875 0.044921875
0 0.60791015625 0.5927734375 0.0439453125 0.0390625
0 0.45458984375 0.59228515625 0.0537109375 0.0576171875
0 0.5625 0.5190429602350507 0.0546875 0.032226579529898505
0 0.44921875 0.498046875 0.056640625 0.06640625
0 0.6162109375 0.46826171023505075 0.078125 0.0712890454701015
0 0.64501953125 0.73583984375 0.0439453125 0.0556640625
0 0.5791015625 0.72802734375 0.064453125 0.0654296875
0 0.09814453125 0.71923828125 0.1416015625 0.0732421875
0 0.22412109375 0.69970703125 0.1142578125 0.0830078125
0 0.529296875 0.69091796875 0.072265625 0.0791015625
0 0.611328125 0.6904296875 0.05078125 0.052734375