0 0.8916015625 0.3310546875 0.15625 0.078125
0 0.138671875 0.373046875 0.1484375 0.06640625
0 0.27294921875 0.4384765625 0.1142578125 0.064453125
0 0.40185546875 0.50146484375 0.0771484375 0.0732421875
0 0.05078125 0.57373046875 0.1015625 0.0419921875
0 0.19970703125 0.6123046875 0.1455078125 0.068359375
0 0.0615234375 0.62060546875 0.109375 0.0517578125
0 0.576171875 0.65966796875 0.0546875 0.0751953125
0 0.4619140625 0.263671875 0.06640625 0.048828125
0 0.5087890625 0.69140625 0.06640625 0.08203125
0 0.07177734375 0.73681640625 0.0927734375 0.0458984375
0 0.5224609375 0.30322265625 0.05078125 0.0537109375