0 0.73291015625 0.32470703125 0.0947265625 0.0654296875
0 0.662109375 0.35986328125 0.056640625 0.0556640625
0 0.3759765625 0.36865234375 0.080078125 0.0537109375
0 0.3173828125 0.39208984375 0.0625 0.0498046875
0 0.2626953125 0.431640625 0.0703125 0.041015625
0 0.19482421875 0.505859375 0.0888671875 0.044921875
0 0.1318359375 0.513671875 0.072265625 0.103515625
0 0.06884765625 0.5615234375 0.1005859375 0.05859375
0 0.43408203125 0.67822265625 0.0498046875 0.0732421875
0 0.3203125 0.70654296875 0.0703125 0.0791015625
0 0.91796875 0.267578125 0.15625 0.056640625
0 0.23779296875 0.7177734375 0.0712890625 0.078125
0 0.14306640625 0.732421875 0.1064453125 0.060546875
0 0.603515625 0.3095703125 0.068359375 0.064453125