0 0.6796875 0.419921875 0.052734375 0.033203125
0 0.70556640625 0.4658203125 0.0634765625 0.041015625
0 0.90625 0.47314453125 0.072265625 0.0341796875
0 0.767578125 0.4833984375 0.07421875 0.046875
0 0.8681640625 0.505859375 0.10546875 0.033203125
0 0.8623046875 0.580078125 0.072265625 0.041015625
0 0.8740234375 0.6171875 0.087890625 0.029296875
0 0.83837890625 0.634765625 0.0732421875 0.03515625
0 0.90673828125 0.65234375 0.0908203125 0.029296875
0 0.84375 0.66357421875 0.078125 0.0439453125
0 0.79296875 0.6806640625 0.1015625 0.06640625
0 0.7373046875 0.68408203125 0.087890625 0.0595703125
0 0.91015625 0.69384765625 0.1015625 0.0517578125
0 0.75341796875 0.720703125 0.0791015625 0.0625
0 0.22509765625 0.72509765625 0.0966796875 0.0732421875
0 0.87744140625 0.7275390625 0.0830078125 0.05859375
0 0.92529296875 0.7353515625 0.0869140625 0.052734375
0 0.0537109375 0.28564453125 0.107421875 0.0849609375