0 0.64501953125 0.6796875 0.0478515625 0.056640625
0 0.60595703125 0.62841796875 0.0478515625 0.0400390625
0 0.384765625 0.623046875 0.099609375 0.0625
0 0.86328125 0.6083984375 0.056640625 0.052734375
0 0.677734375 0.5859375 0.0625 0.0703125
0 0.6142578125 0.57568359375 0.056640625 0.0634765625
0 0.4326171875 0.57373046875 0.0546875 0.0400390625
0 0.36083984375 0.5654296875 0.0615234375 0.037109375
0 0.91162109375 0.5400390625 0.0419921875 0.033203125
0 0.40673828125 0.52294921875 0.0869140625 0.0458984375
0 0.6962890625 0.52001953125 0.091796875 0.0498046875
0 0.9345703125 0.50830078125 0.037109375 0.0419921875
0 0.66796875 0.4755859375 0.06640625 0.05859375
0 0.73486328125 0.44775390625 0.0615234375 0.0654296875
0 0.91552734375 0.4443359375 0.0927734375 0.07421875
0 0.5654296875 0.396484375 0.06640625 0.09765625
0 0.7431640625 0.35888671875 0.0625 0.1005859375
0 0.66748046875 0.33935546875 0.0810546875 0.0654296875
0 0.96142578125 0.31884765625 0.0732421875 0.0654296875
0 0.71728515625 0.2685546875 0.1103515625 0.05859375
0 0.63525390625 0.72216796875 0.0419921875 0.0380859375
0 0.576171875 0.7099609375 0.060546875 0.08203125
0 0.3779296875 0.69384765625 0.09375 0.0732421875