0 0.3203125 0.419921875 0.052734375 0.033203125
0 0.29443359375 0.4658203125 0.0634765625 0.041015625
0 0.09375 0.47314453125 0.072265625 0.0341796875
0 0.232421875 0.4833984375 0.07421875 0.046875
0 0.1318359375 0.505859375 0.10546875 0.033203125
0 0.1376953125 0.580078125 0.072265625 0.041015625
0 0.1259765625 0.6171875 0.087890625 0.029296875
0 0.16162109375 0.634765625 0.0732421875 0.03515625
0 0.09326171875 0.65234375 0.0908203125 0.029296875
0 0.15625 0.66357421875 0.078125 0.0439453125
0 0.20703125 0.6806640625 0.1015625 0.06640625
0 0.2626953125 0.68408203125 0.087890625 0.0595703125
0 0.08984375 0.69384765625 0.1015625 0.0517578125
0 0.24658203125 0.720703125 0.0791015625 0.0625
0 0.77490234375 0.72509765625 0.0966796875 0.0732421875
0 0.12255859375 0.7275390625 0.0830078125 0.05859375
0 0.07470703125 0.7353515625 0.0869140625 0.052734375
0 0.9462890625 0.28564453125 0.107421875 0.0849609375