0 0.42333984375 0.36083984375 0.0537109375 0.0634765625
0 0.4697265625 0.3798828125 0.044921875 0.044921875
0 0.35888671875 0.423828125 0.0283203125 0.021484375
0 0.3876953125 0.4599609375 0.033203125 0.03125
0 0.39990234375 0.4990234375 0.0283203125 0.03125
0 0.349609375 0.53466796875 0.0625 0.0283203125
0 0.47900390625 0.5537109375 0.0380859375 0.048828125
0 0.3310546875 0.57958984375 0.06640625 0.0361328125
0 0.4853515625 0.60107421875 0.025390625 0.0517578125
0 0.4619140625 0.61865234375 0.03125 0.0615234375
0 0.333984375 0.6240234375 0.0390625 0.044921875
0 0.384765625 0.63525390625 0.041015625 0.0517578125
0 0.34814453125 0.7099609375 0.0361328125 0.05078125
0 0.30224609375 0.7158203125 0.0634765625 0.072265625
0 0.39599609375 0.71826171875 0.0244140625 0.0732421875
0 0.31396484375 0.728515625 0.0361328125 0.048828125
0 0.3564453125 0.7333984375 0.03515625 0.046875
0 0.43408203125 0.74267578125 0.0244140625 0.0341796875