0 0.13818359375 0.66064453125 0.0771484375 0.0517578125
0 0.88671875 0.6533203125 0.119140625 0.048828125
0 0.82763671875 0.6025390625 0.1103515625 0.04296875
0 0.77587890625 0.533203125 0.0849609375 0.0546875
0 0.88525390625 0.49658203125 0.0966796875 0.0322265625
0 0.93212890625 0.48876953125 0.0927734375 0.0322265625
0 0.94580078125 0.4384765625 0.0927734375 0.033203125
0 0.76123046875 0.43798828125 0.0986328125 0.0439453125
0 0.8505859375 0.41943359375 0.07421875 0.0400390625
0 0.94580078125 0.40234375 0.1064453125 0.0390625
0 0.91064453125 0.3720703125 0.0849609375 0.046875
0 0.2822265625 0.31494140625 0.068359375 0.0712890625
0 0.94189453125 0.31396484375 0.1142578125 0.0615234375
0 0.82763671875 0.27880859375 0.1044921875 0.0849609375
0 0.92724609375 0.27490234375 0.1181640625 0.0771484375
0 0.9609375 0.7138671875 0.072265625 0.048828125