0 0.73291015625 0.67529296875 0.0947265625 0.0654296875
0 0.662109375 0.64013671875 0.056640625 0.0556640625
0 0.3759765625 0.63134765625 0.080078125 0.0537109375
0 0.3173828125 0.60791015625 0.0625 0.0498046875
0 0.2626953125 0.568359375 0.0703125 0.041015625
0 0.19482421875 0.494140625 0.0888671875 0.044921875
0 0.1318359375 0.486328125 0.072265625 0.103515625
0 0.06884765625 0.4384765625 0.1005859375 0.05859375
0 0.43408203125 0.32177734375 0.0498046875 0.0732421875
0 0.3203125 0.29345703125 0.0703125 0.0791015625
0 0.91796875 0.732421875 0.15625 0.056640625
0 0.23779296875 0.2822265625 0.0712890625 0.078125
0 0.14306640625 0.267578125 0.1064453125 0.060546875
0 0.603515625 0.6904296875 0.068359375 0.064453125