1 0.67822265625 0.375 0.0419921875 0.037109375
1 0.4248046875 0.38134765199252535 0.048828125 0.04003907101494925
1 0.60009765625 0.466796875 0.0322265625 0.037109375
1 0.572265625 0.47900390625 0.033203125 0.0302734375
1 0.48486328125 0.24951171875 0.0439453125 0.0380859375
1 0.8310546875 0.603515625 0.046875 0.044921875
1 0.6044921875 0.623046875 0.03125 0.03515625
1 0.625 0.66455078125 0.03125 0.0322265625
1 0.7626953125 0.68701171875 0.033203125 0.0263671875
1 0.73193359375 0.705078125 0.0400390625 0.029296875
1 0.35205078125 0.2900390625 0.0380859375 0.029296875