0 0.35498046875 0.3203125 0.0478515625 0.056640625
0 0.39404296875 0.37158203125 0.0478515625 0.0400390625
0 0.615234375 0.376953125 0.099609375 0.0625
0 0.13671875 0.3916015625 0.056640625 0.052734375
0 0.322265625 0.4140625 0.0625 0.0703125
0 0.3857421875 0.42431640625 0.056640625 0.0634765625
0 0.5673828125 0.42626953125 0.0546875 0.0400390625
0 0.63916015625 0.4345703125 0.0615234375 0.037109375
0 0.08837890625 0.4599609375 0.0419921875 0.033203125
0 0.59326171875 0.47705078125 0.0869140625 0.0458984375
0 0.3037109375 0.47998046875 0.091796875 0.0498046875
0 0.0654296875 0.49169921875 0.037109375 0.0419921875
0 0.33203125 0.5244140625 0.06640625 0.05859375
0 0.26513671875 0.55224609375 0.0615234375 0.0654296875
0 0.08447265625 0.5556640625 0.0927734375 0.07421875
0 0.4345703125 0.603515625 0.06640625 0.09765625
0 0.2568359375 0.64111328125 0.0625 0.1005859375
0 0.33251953125 0.66064453125 0.0810546875 0.0654296875
0 0.03857421875 0.68115234375 0.0732421875 0.0654296875
0 0.28271484375 0.7314453125 0.1103515625 0.05859375
0 0.36474609375 0.27783203125 0.0419921875 0.0380859375
0 0.423828125 0.2900390625 0.060546875 0.08203125
0 0.6220703125 0.30615234375 0.09375 0.0732421875