0 0.228515625 0.34521484375 0.1015625 0.0712890625
0 0.3642578125 0.41015625 0.064453125 0.03515625
0 0.47705078125 0.4208984375 0.0478515625 0.052734375
0 0.41259765625 0.43798828125 0.0595703125 0.0341796875
0 0.57275390625 0.44091796875 0.0595703125 0.0478515625
0 0.51513671875 0.46337890625 0.0595703125 0.0478515625
0 0.3603515625 0.4765625 0.091796875 0.037109375
0 0.8544921875 0.4912109375 0.08203125 0.0546875
0 0.53564453125 0.50634765625 0.0380859375 0.0517578125
0 0.7685546875 0.51220703125 0.091796875 0.0361328125
0 0.3681640625 0.5341796789850507 0.07421875 0.0625000170298985
0 0.76708984375 0.5546875 0.1064453125 0.0546875
0 0.68603515625 0.5771484375 0.0751953125 0.083984375
0 0.1904296875 0.58837890625 0.0703125 0.0986328125
0 0.6181640625 0.63720703125 0.099609375 0.0654296875
0 0.87158203125 0.6484375 0.0771484375 0.087890625
0 0.72314453125 0.66455078125 0.0986328125 0.0732421875
0 0.33837890625 0.6689453125 0.0595703125 0.072265625
0 0.43603515625 0.67041015625 0.0615234375 0.0693359375
0 0.20556640625 0.67138671875 0.0634765625 0.0498046875
0 0.3720703125 0.68017578125 0.056640625 0.0654296875
0 0.8525390625 0.2666015625 0.10546875 0.056640625
0 0.4755859375 0.7041015625 0.037109375 0.080078125
0 0.28466796875 0.7099609375 0.0908203125 0.078125
0 0.39990234375 0.71875 0.0400390625 0.0703125
0 0.6494140625 0.71875 0.060546875 0.068359375
0 0.3564453125 0.73095703125 0.046875 0.0634765625
0 0.87109375 0.73876953125 0.0703125 0.0478515625
0 0.166015625 0.279296875 0.083984375 0.044921875
0 0.9072265625 0.28662109375 0.09765625 0.0751953125
0 0.556640625 0.3017578125 0.060546875 0.04296875