0 0.42578125 0.64892578125 0.046875 0.0576171875
0 0.62646484375 0.625 0.0751953125 0.087890625
0 0.40380859375 0.59716796875 0.0517578125 0.0439453125
0 0.69775390625 0.39794921875 0.0673828125 0.0751953125
0 0.75634765625 0.37353515625 0.0966796875 0.0537109375
0 0.64208984375 0.33154296875 0.0869140625 0.0634765625
0 0.76708984375 0.2958984375 0.1083984375 0.076171875
0 0.65185546875 0.2646484375 0.0771484375 0.048828125
0 0.6474609375 0.71923828125 0.12109375 0.0869140625
0 0.90625 0.70556640625 0.1015625 0.0634765625
0 0.22119140625 0.69873046875 0.0810546875 0.0869140625