0 0.228515625 0.65478515625 0.1015625 0.0712890625
0 0.3642578125 0.58984375 0.064453125 0.03515625
0 0.47705078125 0.5791015625 0.0478515625 0.052734375
0 0.41259765625 0.56201171875 0.0595703125 0.0341796875
0 0.57275390625 0.55908203125 0.0595703125 0.0478515625
0 0.51513671875 0.53662109375 0.0595703125 0.0478515625
0 0.3603515625 0.5234375 0.091796875 0.037109375
0 0.8544921875 0.5087890625 0.08203125 0.0546875
0 0.53564453125 0.49365234375 0.0380859375 0.0517578125
0 0.7685546875 0.48779296875 0.091796875 0.0361328125
0 0.3681640625 0.4658203125 0.07421875 0.0625
0 0.76708984375 0.4453125 0.1064453125 0.0546875
0 0.68603515625 0.4228515625 0.0751953125 0.083984375
0 0.1904296875 0.41162109375 0.0703125 0.0986328125
0 0.6181640625 0.36279296875 0.099609375 0.0654296875
0 0.87158203125 0.3515625 0.0771484375 0.087890625
0 0.72314453125 0.33544921875 0.0986328125 0.0732421875
0 0.33837890625 0.3310546875 0.0595703125 0.072265625
0 0.43603515625 0.32958984375 0.0615234375 0.0693359375
0 0.20556640625 0.32861328125 0.0634765625 0.0498046875
0 0.3720703125 0.31982421875 0.056640625 0.0654296875
0 0.8525390625 0.7333984375 0.10546875 0.056640625
0 0.4755859375 0.2958984375 0.037109375 0.080078125
0 0.28466796875 0.2900390625 0.0908203125 0.078125
0 0.39990234375 0.28125 0.0400390625 0.0703125
0 0.6494140625 0.28125 0.060546875 0.068359375
0 0.3564453125 0.26904296875 0.046875 0.0634765625
0 0.87109375 0.26123046875 0.0703125 0.0478515625
0 0.166015625 0.720703125 0.083984375 0.044921875
0 0.9072265625 0.71337890625 0.09765625 0.0751953125
0 0.556640625 0.6982421875 0.060546875 0.04296875