0 0.771484375 0.34521484375 0.1015625 0.0712890625
0 0.6357421875 0.41015625 0.064453125 0.03515625
0 0.52294921875 0.4208984375 0.0478515625 0.052734375
0 0.58740234375 0.43798828125 0.0595703125 0.0341796875
0 0.42724609375 0.44091796875 0.0595703125 0.0478515625
0 0.48486328125 0.46337890625 0.0595703125 0.0478515625
0 0.6396484375 0.4765625 0.091796875 0.037109375
0 0.1455078125 0.4912109375 0.08203125 0.0546875
0 0.46435546875 0.50634765625 0.0380859375 0.0517578125
0 0.2314453125 0.51220703125 0.091796875 0.0361328125
0 0.6318359375 0.5341796789850507 0.07421875 0.0625000170298985
0 0.23291015625 0.5546875 0.1064453125 0.0546875
0 0.31396484375 0.5771484375 0.0751953125 0.083984375
0 0.8095703125 0.58837890625 0.0703125 0.0986328125
0 0.3818359375 0.63720703125 0.099609375 0.0654296875
0 0.12841796875 0.6484375 0.0771484375 0.087890625
0 0.27685546875 0.66455078125 0.0986328125 0.0732421875
0 0.66162109375 0.6689453125 0.0595703125 0.072265625
0 0.56396484375 0.67041015625 0.0615234375 0.0693359375
0 0.79443359375 0.67138671875 0.0634765625 0.0498046875
0 0.6279296875 0.68017578125 0.056640625 0.0654296875
0 0.1474609375 0.2666015625 0.10546875 0.056640625
0 0.5244140625 0.7041015625 0.037109375 0.080078125
0 0.71533203125 0.7099609375 0.0908203125 0.078125
0 0.60009765625 0.71875 0.0400390625 0.0703125
0 0.3505859375 0.71875 0.060546875 0.068359375
0 0.6435546875 0.73095703125 0.046875 0.0634765625
0 0.12890625 0.73876953125 0.0703125 0.0478515625
0 0.833984375 0.279296875 0.083984375 0.044921875
0 0.0927734375 0.28662109375 0.09765625 0.0751953125
0 0.443359375 0.3017578125 0.060546875 0.04296875