0 0.7529296875 0.67431640625 0.095703125 0.0712890625
0 0.79150390625 0.66064453125 0.0712890625 0.0634765625
0 0.6767578125 0.630859375 0.0546875 0.041015625
0 0.19384765625 0.62060546875 0.0869140625 0.0888671875
0 0.62744140625 0.57275390625 0.1005859375 0.0751953125
0 0.8408203125 0.5712890625 0.130859375 0.060546875
0 0.69775390625 0.56005859375 0.0498046875 0.0751953125
0 0.42578125 0.5498046875 0.072265625 0.078125
0 0.7490234375 0.548828125 0.0546875 0.07421875
0 0.32763671875 0.5463867102350507 0.1259765625 0.0869140795298985
0 0.1962890625 0.517578125 0.052734375 0.060546875
0 0.466796875 0.50244140625 0.0546875 0.0849609375
0 0.28173828125 0.49462890625 0.1064453125 0.0419921875
0 0.64990234375 0.47509765625 0.0673828125 0.0693359375
0 0.34228515625 0.462890625 0.0556640625 0.056640625
0 0.87939453125 0.44189453125 0.1083984375 0.0380859375
0 0.3642578125 0.43115234375 0.07421875 0.0830078125
0 0.515625 0.42822265625 0.095703125 0.0810546875
0 0.81640625 0.4140625 0.095703125 0.0546875
0 0.1005859375 0.38134765625 0.150390625 0.0615234375
0 0.5068359375 0.740234375 0.046875 0.046875
0 0.76025390625 0.35302734375 0.0673828125 0.0732421875
0 0.6328125 0.32080078125 0.06640625 0.0673828125
0 0.36279296875 0.73388671875 0.0830078125 0.0595703125
0 0.7177734375 0.30615234375 0.060546875 0.0751953125
0 0.27001953125 0.28271484375 0.0947265625 0.0927734375
0 0.0390625 0.25927734375 0.076171875 0.0419921875
0 0.85498046875 0.724609375 0.0537109375 0.05859375
0 0.5302734375 0.705078125 0.072265625 0.048828125