1 0.81591796875 0.61572265625 0.0419921875 0.0380859375
1 0.60009765625 0.6005859375 0.0361328125 0.03515625
1 0.6171875 0.55322265625 0.044921875 0.0419921875
1 0.7568359375 0.5263671875 0.03125 0.033203125
1 0.58984375 0.748046875 0.03125 0.033203125
1 0.91796875 0.392578125 0.041015625 0.04296875
1 0.5625 0.73974609375 0.033203125 0.0302734375
1 0.42236328125 0.36572265625 0.0380859375 0.0419921875
1 0.6162109375 0.330078125 0.037109375 0.0390625
1 0.7177734375 0.28759765625 0.041015625 0.0361328125
1 0.95556640625 0.2705078125 0.0419921875 0.037109375