0 0.57666015625 0.63916015625 0.0537109375 0.0634765625
0 0.5302734375 0.6201171875 0.044921875 0.044921875
0 0.64111328125 0.576171875 0.0283203125 0.021484375
0 0.6123046875 0.5400390625 0.033203125 0.03125
0 0.60009765625 0.5009765625 0.0283203125 0.03125
0 0.650390625 0.46533203125 0.0625 0.0283203125
0 0.52099609375 0.4462890625 0.0380859375 0.048828125
0 0.6689453125 0.42041015625 0.06640625 0.0361328125
0 0.5146484375 0.39892578125 0.025390625 0.0517578125
0 0.5380859375 0.38134765625 0.03125 0.0615234375
0 0.666015625 0.3759765625 0.0390625 0.044921875
0 0.615234375 0.36474609375 0.041015625 0.0517578125
0 0.65185546875 0.2900390625 0.0361328125 0.05078125
0 0.69775390625 0.2841796875 0.0634765625 0.072265625
0 0.60400390625 0.28173828125 0.0244140625 0.0732421875
0 0.68603515625 0.271484375 0.0361328125 0.048828125
0 0.6435546875 0.2666015603712627 0.03515625 0.04687499574252537
0 0.56591796875 0.25732421875 0.0244140625 0.0341796875