0 0.2470703125 0.32568358736378805 0.095703125 0.07128905824252538
0 0.20849609375 0.33935546875 0.0712890625 0.0634765625
0 0.3232421875 0.369140625 0.0546875 0.041015625
0 0.80615234375 0.37939453125 0.0869140625 0.0888671875
0 0.37255859375 0.42724609375 0.1005859375 0.0751953125
0 0.1591796875 0.4287109375 0.130859375 0.060546875
0 0.30224609375 0.43994140625 0.0498046875 0.0751953125
0 0.57421875 0.4501953125 0.072265625 0.078125
0 0.2509765625 0.451171875 0.0546875 0.07421875
0 0.67236328125 0.45361328125 0.1259765625 0.0869140625
0 0.8037109375 0.482421875 0.052734375 0.060546875
0 0.533203125 0.49755859375 0.0546875 0.0849609375
0 0.71826171875 0.50537109375 0.1064453125 0.0419921875
0 0.35009765625 0.52490234375 0.0673828125 0.0693359375
0 0.65771484375 0.537109375 0.0556640625 0.056640625
0 0.12060546875 0.55810546875 0.1083984375 0.0380859375
0 0.6357421875 0.56884765625 0.07421875 0.0830078125
0 0.484375 0.57177734375 0.095703125 0.0810546875
0 0.18359375 0.5859375 0.095703125 0.0546875
0 0.8994140625 0.61865234375 0.150390625 0.0615234375
0 0.4931640625 0.259765625 0.046875 0.046875
0 0.23974609375 0.64697265625 0.0673828125 0.0732421875
0 0.3671875 0.67919921875 0.06640625 0.0673828125
0 0.63720703125 0.26611328125 0.0830078125 0.0595703125
0 0.2822265625 0.69384765625 0.060546875 0.0751953125
0 0.72998046875 0.71728515625 0.0947265625 0.0927734375
0 0.9609375 0.74072265625 0.076171875 0.0419921875
0 0.14501953125 0.275390625 0.0537109375 0.05859375
0 0.4697265625 0.294921875 0.072265625 0.048828125