1 0.318359375 0.32373046875 0.02734375 0.0244140625
1 0.28955078125 0.34814453125 0.0341796875 0.0361328125
1 0.60302734375 0.3671875 0.0380859375 0.03515625
1 0.67041015625 0.5234375 0.0439453125 0.06640625
1 0.27783203125 0.5249023352350507 0.0419921875 0.041992204529898505
1 0.14306640625 0.25 0.0537109375 0.048828125
1 0.25244140625 0.56884765625 0.0302734375 0.0302734375
1 0.60498046875 0.58251953125 0.0400390625 0.0400390625
1 0.88134765625 0.603515625 0.0458984375 0.04296875
1 0.17626953125 0.6171875 0.0380859375 0.037109375
1 0.6904296875 0.65869140625 0.046875 0.0458984375
1 0.142578125 0.66357421875 0.03515625 0.0302734375