0 0.30078125 0.40380859375 0.125 0.0712890625
0 0.57275390625 0.46044921875 0.0576171875 0.0673828125
0 0.234375 0.49169921875 0.173828125 0.0517578125
0 0.53271484375 0.50439453125 0.0771484375 0.0595703125
0 0.61181640625 0.51953125 0.0537109375 0.056640625
0 0.57177734375 0.56103515625 0.0400390625 0.0419921875
0 0.63232421875 0.57470703125 0.0478515625 0.0439453125
0 0.572265625 0.59375 0.041015625 0.041015625
0 0.4482421875 0.61474609375 0.0546875 0.0634765625
0 0.513671875 0.6181640625 0.05078125 0.08203125
0 0.44287109375 0.69189453125 0.0400390625 0.0712890625
0 0.60791015625 0.72119140625 0.0576171875 0.0810546875
0 0.40380859375 0.2841796875 0.0419921875 0.076171875
0 0.38330078125 0.29443359375 0.0498046875 0.0869140625
0 0.107421875 0.30078125 0.2109375 0.115234375