0 0.2470703125 0.67431640625 0.095703125 0.0712890625
0 0.20849609375 0.66064453125 0.0712890625 0.0634765625
0 0.3232421875 0.630859375 0.0546875 0.041015625
0 0.80615234375 0.62060546875 0.0869140625 0.0888671875
0 0.37255859375 0.57275390625 0.1005859375 0.0751953125
0 0.1591796875 0.5712890625 0.130859375 0.060546875
0 0.30224609375 0.56005859375 0.0498046875 0.0751953125
0 0.57421875 0.5498046875 0.072265625 0.078125
0 0.2509765625 0.548828125 0.0546875 0.07421875
0 0.67236328125 0.5463867102350507 0.1259765625 0.0869140795298985
0 0.8037109375 0.517578125 0.052734375 0.060546875
0 0.533203125 0.50244140625 0.0546875 0.0849609375
0 0.71826171875 0.49462890625 0.1064453125 0.0419921875
0 0.35009765625 0.47509765625 0.0673828125 0.0693359375
0 0.65771484375 0.462890625 0.0556640625 0.056640625
0 0.12060546875 0.44189453125 0.1083984375 0.0380859375
0 0.6357421875 0.43115234375 0.07421875 0.0830078125
0 0.484375 0.42822265625 0.095703125 0.0810546875
0 0.18359375 0.4140625 0.095703125 0.0546875
0 0.8994140625 0.38134765625 0.150390625 0.0615234375
0 0.4931640625 0.740234375 0.046875 0.046875
0 0.23974609375 0.35302734375 0.0673828125 0.0732421875
0 0.3671875 0.32080078125 0.06640625 0.0673828125
0 0.63720703125 0.73388671875 0.0830078125 0.0595703125
0 0.2822265625 0.30615234375 0.060546875 0.0751953125
0 0.72998046875 0.28271484375 0.0947265625 0.0927734375
0 0.9609375 0.25927734375 0.076171875 0.0419921875
0 0.14501953125 0.724609375 0.0537109375 0.05859375
0 0.4697265625 0.705078125 0.072265625 0.048828125