0 0.91259765625 0.3198242166212627 0.1455078125 0.05957031675747463
0 0.2509765625 0.3291015625 0.044921875 0.03515625
0 0.373046875 0.37255859375 0.046875 0.0673828125
0 0.2978515625 0.37744140625 0.06640625 0.0400390625
0 0.73291015625 0.40625 0.0888671875 0.048828125
0 0.38232421875 0.43798828125 0.0517578125 0.0400390625
0 0.2041015625 0.47216796875 0.080078125 0.0478515625
0 0.73095703125 0.49658203125 0.1162109375 0.0263671875
0 0.18798828125 0.541015625 0.0712890625 0.05859375
0 0.67919921875 0.556640625 0.0673828125 0.0390625
0 0.7158203125 0.61962890625 0.052734375 0.0615234375
0 0.0322265625 0.6357421875 0.0625 0.05078125
0 0.4169921875 0.67333984375 0.05859375 0.0595703125
0 0.36279296875 0.69189453125 0.0556640625 0.0400390625
0 0.599609375 0.7041015625 0.04296875 0.041015625
0 0.65087890625 0.26806640625 0.1240234375 0.0634765625
0 0.64892578125 0.724609375 0.0458984375 0.068359375
0 0.42041015625 0.736328125 0.0673828125 0.052734375
0 0.3564453125 0.736328125 0.048828125 0.052734375
0 0.611328125 0.73876953125 0.044921875 0.0517578125