0 0.0341796875 0.48193359375 0.06640625 0.0244140625
0 0.18505859375 0.46923828125 0.0615234375 0.0322265625
0 0.09375 0.43212890625 0.095703125 0.0341796875
0 0.8564453125 0.39404296875 0.08203125 0.0400390625
0 0.01806640625 0.3818359375 0.0361328125 0.029296875
0 0.1943359375 0.333984375 0.1015625 0.068359375
0 0.216796875 0.30322265625 0.08203125 0.0654296875
0 0.17578125 0.28857421875 0.095703125 0.0673828125
0 0.08056640625 0.27685546875 0.0791015625 0.0478515625
0 0.201171875 0.2568359375 0.046875 0.041015625
0 0.072265625 0.2509765625 0.064453125 0.029296875
0 0.96435546875 0.70703125 0.0712890625 0.07421875