0 0.42822265625 0.33984375 0.0615234375 0.044921875
0 0.36181640625 0.36669921875 0.0615234375 0.0537109375
0 0.42529296875 0.37255859375 0.0498046875 0.0361328125
0 0.4931640625 0.40625 0.0546875 0.044921875
0 0.39208984375 0.4072265625 0.0439453125 0.0390625
0 0.54541015625 0.40771484375 0.0537109375 0.0576171875
0 0.4375 0.48095703125 0.0546875 0.0322265625
0 0.55078125 0.501953125 0.056640625 0.06640625
0 0.3837890625 0.53173828125 0.078125 0.0712890625
0 0.35498046875 0.26416015625 0.0439453125 0.0556640625
0 0.4208984375 0.27197265625 0.064453125 0.0654296875
0 0.90185546875 0.28076171875 0.1416015625 0.0732421875
0 0.77587890625 0.30029296875 0.1142578125 0.0830078125
0 0.470703125 0.30908203125 0.072265625 0.0791015625
0 0.388671875 0.3095703125 0.05078125 0.052734375