0 0.42333984375 0.63916015625 0.0537109375 0.0634765625
0 0.4697265625 0.6201171875 0.044921875 0.044921875
0 0.35888671875 0.576171875 0.0283203125 0.021484375
0 0.3876953125 0.5400390625 0.033203125 0.03125
0 0.39990234375 0.5009765625 0.0283203125 0.03125
0 0.349609375 0.46533203125 0.0625 0.0283203125
0 0.47900390625 0.4462890625 0.0380859375 0.048828125
0 0.3310546875 0.42041015625 0.06640625 0.0361328125
0 0.4853515625 0.39892578125 0.025390625 0.0517578125
0 0.4619140625 0.38134765625 0.03125 0.0615234375
0 0.333984375 0.3759765625 0.0390625 0.044921875
0 0.384765625 0.36474609375 0.041015625 0.0517578125
0 0.34814453125 0.2900390625 0.0361328125 0.05078125
0 0.30224609375 0.2841796875 0.0634765625 0.072265625
0 0.39599609375 0.28173828125 0.0244140625 0.0732421875
0 0.31396484375 0.271484375 0.0361328125 0.048828125
0 0.3564453125 0.2666015603712627 0.03515625 0.04687499574252537
0 0.43408203125 0.25732421875 0.0244140625 0.0341796875